   8.5132435e+00   7.0879738e+00
   7.9073449e+00   8.4266375e+00
   8.6431459e+00   5.6864362e+00
   6.6465516e+00   8.3078392e+00
   6.3669009e+00   7.6649549e+00
   7.8413977e+00   6.9921556e+00
   7.5498175e+00   8.0887813e+00
   6.5485607e+00   6.7708128e+00
   7.4327104e+00   6.5895907e+00
   5.8148865e+00   7.2839182e+00
   8.1767593e+00   7.9696135e+00
   7.7561371e+00   7.6981475e+00
   8.1644141e+00   7.8956249e+00
   8.6749364e+00   9.2358685e+00
   6.8384099e+00   8.6611238e+00
   7.0482450e+00   9.4158471e+00
   7.4019061e+00   1.0133548e+01
   8.1864322e+00   5.8345006e+00
   8.5646352e+00   6.8010598e+00
   7.8920081e+00   7.4740448e+00
   7.4452439e+00   8.9916900e+00
   8.6502920e+00   8.3133714e+00
   7.0974895e+00   9.0883931e+00
   8.9285245e+00   8.0359053e+00
   6.3180268e+00   6.7649874e+00
   7.2646382e+00   7.1326149e+00
   7.0985749e+00   7.2696691e+00
   5.1908574e+00   6.9669407e+00
   6.7458191e+00   7.1965527e+00
   7.3603637e+00   7.4634296e+00
   7.0375487e+00   6.4593631e+00
   8.2662658e+00   8.5529660e+00
   6.9723092e+00   7.8807989e+00
   8.1399552e+00   7.2146182e+00
   7.0827660e+00   7.1422520e+00
   6.4005227e+00   7.2659303e+00
   8.6220203e+00   7.6938857e+00
   7.8958209e+00   8.1978728e+00
   6.4859497e+00   7.4526446e+00
   7.7585641e+00   7.1475657e+00
   7.4653360e+00   6.8629243e+00
   7.1007503e+00   6.9871419e+00
   6.8907507e+00   8.0353637e+00
   8.0093896e+00   8.6160245e+00
   8.5238172e+00   8.7275373e+00
   7.1495259e+00   6.8443273e+00
   8.9140440e+00   6.0286156e+00
   7.8214735e+00   8.8149371e+00
   8.5205283e+00   7.5356138e+00
   6.9724120e+00   8.7189701e+00
   8.0444972e+00   8.2092472e+00
   5.6951701e+00   8.5875205e+00
   9.6951279e+00   7.7909227e+00
   7.2920402e+00   6.8941937e+00
   8.2145548e+00   3.9248217e+00
   8.7535168e+00   6.8544641e+00
   8.2735009e+00   7.4068660e+00
   6.3807494e+00   6.1231954e+00
   7.2281613e+00   6.9186377e+00
   7.2111236e+00   6.9555154e+00
   7.8843862e+00   7.9463615e+00
   7.6551903e+00   7.4189596e+00
   7.5804387e+00   9.7152008e+00
   9.4574058e+00   8.3237335e+00
   9.4597928e+00   6.8730904e+00
   9.7432896e+00   6.8257970e+00
   8.6384313e+00   8.0765187e+00
   6.6111641e+00   7.5576624e+00
   5.7507938e+00   8.2404203e+00
   6.7393383e+00   8.2097332e+00
   8.2075429e+00   6.6483037e+00
   7.4350966e+00   7.9179241e+00
   7.4209398e+00   8.1004383e+00
   7.3360219e+00   6.3263996e+00
   8.7717169e+00   7.4204319e+00
   8.5257523e+00   7.4066853e+00
   7.3823581e+00   4.5345225e+00
   8.0220765e+00   6.9248478e+00
   9.0545111e+00   8.4441343e+00
   7.2798436e+00   5.7674622e+00
   4.6360888e+00   7.4645768e+00
   8.5665008e+00   7.1987753e+00
   4.4538562e+00   6.9573022e+00
   7.6856523e+00   5.8858612e+00
   7.4167457e+00   7.7199613e+00
   7.1882085e+00   8.1206489e+00
   6.8263406e+00   8.5674487e+00
   8.1033458e+00   7.1439204e+00
   8.7768801e+00   8.3203469e+00
   8.0591227e+00   8.0007559e+00
   7.9343673e+00   7.2553274e+00
   7.3506978e+00   8.3702309e+00
   8.4919915e+00   8.1439128e+00
   8.0772613e+00   7.3254510e+00
   5.3596668e+00   5.1340893e+00
   7.8521455e+00   9.1358574e+00
   7.9858323e+00   8.4355743e+00
   7.0123392e+00   8.2103155e+00
   7.4390584e+00   7.0191812e+00
   6.8343871e+00   7.0446172e+00
   7.3577747e+00   8.5294469e+00
   7.3488467e+00   8.9446151e+00
   7.8187199e+00   7.6260976e+00
   6.3812226e+00   8.4832898e+00
   7.9833452e+00   9.0179506e+00
   8.0089896e+00   8.5010617e+00
   6.6451312e+00   8.3180621e+00
   7.5357403e+00   5.8849502e+00
   7.1437146e+00   8.8772477e+00
   8.3490464e+00   6.8001905e+00
   7.6354377e+00   7.6193261e+00
   8.2599280e+00   7.1494492e+00
   6.0215841e+00   7.4143491e+00
   7.7198318e+00   5.8103820e+00
   6.2946102e+00   6.5639242e+00
   7.7080916e+00   7.4156231e+00
   6.8209611e+00   8.2798602e+00
   8.1364586e+00   8.6990309e+00
   6.6917173e+00   6.6506488e+00
   7.5811519e+00   7.6610149e+00
   7.6469323e+00   8.5570562e+00
   7.2709890e+00   7.4019752e+00
   9.1788179e+00   8.1935788e+00
   8.7380889e+00   6.4956656e+00
   6.8373139e+00   6.9477599e+00
   5.5067775e+00   8.6693347e+00
   5.2615412e+00   5.5516669e+00
   6.6391820e+00   7.0984007e+00
   5.3728216e+00   7.5639587e+00
   7.2543052e+00   5.5131910e+00
   8.1507830e+00   8.4956192e+00
   8.9827310e+00   7.7260851e+00
   8.0689577e+00   8.3851607e+00
   6.8277120e+00   7.2482653e+00
   6.1233409e+00   8.4296260e+00
   8.7204796e+00   7.5119947e+00
   7.3285314e+00   6.4624697e+00
   1.0310466e+01   6.6104620e+00
   7.4353914e+00   8.3779859e+00
   6.9284817e+00   8.1501690e+00
   6.9623010e+00   7.6071571e+00
   8.9388266e+00   7.4828333e+00
   6.8099878e+00   7.3127547e+00
   7.8187151e+00   6.8658240e+00
   9.8360246e+00   8.8914240e+00
   8.0989858e+00   8.1838045e+00
   7.7415086e+00   6.1228946e+00
   8.6982187e+00   5.9245740e+00
   8.4109200e+00   8.4311456e+00
   7.3362880e+00   7.5602697e+00
   7.9453519e+00   7.1324821e+00
   7.2742532e+00   8.0295549e+00
   7.4212151e+00   5.6200744e+00
   6.6813272e+00   7.2838315e+00
   7.3573129e+00   8.1240957e+00
   7.2891910e+00   5.4209802e+00
   8.3089037e+00   7.6289078e+00
   7.3109190e+00   7.3524832e+00
   7.4536607e+00   6.1574117e+00
   8.8823912e+00   6.2222483e+00
   8.4698526e+00   9.2972935e+00
   6.4378182e+00   6.4356831e+00
   9.9016203e+00   8.1794970e+00
   9.1470749e+00   8.2258054e+00
   6.4609824e+00   9.0446842e+00
   7.6983491e+00   6.6369037e+00
   7.9481705e+00   6.6694827e+00
   7.5876338e+00   5.5311885e+00
   7.8986448e+00   6.2220556e+00
   6.8242343e+00   6.9995738e+00
   7.9925867e+00   7.8832007e+00
   7.4602430e+00   8.0447234e+00
   8.2213671e+00   6.9232787e+00
   8.4489060e+00   6.9557308e+00
   7.8770759e+00   6.1314451e+00
   7.6678577e+00   8.2965760e+00
   9.0415572e+00   8.2035272e+00
   7.7995625e+00   7.7395015e+00
   7.6509944e+00   8.5811422e+00
   7.4154898e+00   7.6715582e+00
   8.9912214e+00   9.5836734e+00
   6.9802847e+00   7.8651848e+00
   7.8155286e+00   9.0283262e+00
   8.7858334e+00   8.7275471e+00
   6.0242250e+00   1.0398561e+01
   6.5028321e+00   4.9260787e+00
   8.0194408e+00   6.4750453e+00
   8.1356193e+00   9.0825998e+00
   7.6019705e+00   9.2007000e+00
   8.0520078e+00   7.2551554e+00
   5.9577353e+00   4.1437544e+00
   7.0759697e+00   7.1290212e+00
   6.5038488e+00   8.8911491e+00
   6.7874337e+00   7.2929934e+00
   5.8251111e+00   9.1705740e+00
   7.7621315e+00   8.6801314e+00
   7.2016898e+00   6.6130965e+00
   8.1431377e+00   5.9220162e+00
   5.7733880e+00   8.4454354e+00
   6.6048680e+00   8.6019824e+00
   8.3023017e+00   7.1439807e+00
   7.9382496e+00   5.6075631e+00
   6.2487133e+00   7.9905744e+00
   8.2503142e+00   8.2017569e+00
   1.0124628e+01   7.2064440e+00
   8.3342109e+00   6.9131745e+00
   8.3570464e+00   6.2732643e+00
   7.2246031e+00   1.0519454e+01
   9.4820194e+00   9.1092560e+00
   6.7046276e+00   7.5955963e+00
   9.2760088e+00   7.4845290e+00
   7.8568446e+00   6.1725254e+00
   8.5890328e+00   6.9912148e+00
   6.2483977e+00   6.5205021e+00
   7.6420641e+00   6.1677280e+00
   6.7419568e+00   8.2614417e+00
   7.5522489e+00   8.1822707e+00
   7.1645093e+00   7.2040566e+00
   8.9758023e+00   6.9754727e+00
   8.1184165e+00   7.0795264e+00
   1.0133874e+01   6.8490685e+00
   8.7480886e+00   7.7110090e+00
   7.8304676e+00   8.4277478e+00
   7.6002722e+00   7.3390917e+00
   5.3995007e+00   7.7095569e+00
   8.6459351e+00   7.2487131e+00
   7.3541318e+00   7.6068864e+00
   7.3516850e+00   7.4095116e+00
   7.7834973e+00   9.0202870e+00
   7.5098118e+00   7.2350645e+00
   8.1552122e+00   7.4396276e+00
   4.7341005e+00   7.5426367e+00
   6.5810322e+00   6.9335792e+00
   7.1011468e+00   6.2895251e+00
   8.7393638e+00   5.5358201e+00
   7.9921066e+00   6.3509644e+00
   9.5563253e+00   7.6999583e+00
   5.9702340e+00   7.9025867e+00
   7.8965266e+00   6.9521935e+00
   7.1609032e+00   7.3710577e+00
   5.2136333e+00   1.0157312e+01
   7.8065708e+00   8.3311592e+00
   9.0573989e+00   5.9515228e+00
   6.8405177e+00   9.1827542e+00
   7.6250964e+00   9.6623408e+00
   7.0687496e+00   6.3705769e+00
   8.2583414e+00   7.5021061e+00
   9.5325187e+00   7.1153969e+00
   5.9961232e+00   5.5476683e+00
   8.1782345e+00   6.9608131e+00
   6.8472057e+00   7.8111046e+00
   8.8187283e+00   6.9702213e+00
   9.5260298e+00   7.0676431e+00
   7.2180623e+00   7.7179184e+00
   5.1400712e+00   7.6755622e+00
   6.8177521e+00   6.5044994e+00
   9.3487391e+00   8.2478402e+00
   7.1715730e+00   8.8316822e+00
   7.6119494e+00   8.1712499e+00
   7.2902809e+00   7.3118823e+00
   7.7896469e+00   7.8410066e+00
   6.4489269e+00   6.1343796e+00
   8.0098905e+00   9.3916546e+00
   8.2738459e+00   6.9328125e+00
   6.4051094e+00   7.4538396e+00
   7.5017921e+00   6.1912033e+00
   7.2604007e+00   8.7912391e+00
   6.9082692e+00   8.0814333e+00
   9.8150304e+00   6.7406552e+00
   7.2748823e+00   9.9299233e+00
   6.7967190e+00   6.5081517e+00
   8.2618329e+00   9.3280787e+00
   6.7612183e+00   7.7806984e+00
   6.4161163e+00   8.7117385e+00
   8.4663212e+00   8.3566915e+00
   8.7635282e+00   7.0795792e+00
   7.8669867e+00   7.9765922e+00
   7.2751316e+00   7.8172203e+00
   7.2323326e+00   6.5750305e+00
   6.8096877e+00   6.0151538e+00
   7.9464705e+00   7.8783410e+00
   8.2428653e+00   6.6971932e+00
   8.7645043e+00   8.0859114e+00
   5.3708611e+00   7.0296600e+00
   5.4548115e+00   7.2610337e+00
   6.8829561e+00   7.8835372e+00
   7.6888837e+00   8.4813156e+00
   6.3743803e+00   5.8471225e+00
   7.0037936e+00   6.9081785e+00
   8.3256049e+00   7.8207114e+00
   7.8461182e+00   9.2409422e+00
   6.8671027e+00   8.7073592e+00
   7.0280841e+00   7.6901812e+00
   7.8656360e+00   7.6943319e+00
   9.9809262e+00   7.4342486e+00
   8.5832050e+00   8.2612785e+00
   8.3792165e+00   7.4399522e+00
   7.8220081e+00   6.4966134e+00
   6.5673918e+00   6.9581603e+00
   6.4097506e+00   7.4034986e+00
   5.9481016e+00   4.8202024e+00
   6.2325010e+00   6.1376254e+00
   8.4666038e+00   6.9891134e+00
   7.4586318e+00   7.6632625e+00
   7.7991098e+00   6.1870426e+00
   7.0270714e+00   6.0407856e+00
   6.6207350e+00   9.0796649e+00
   7.3334166e+00   6.8893245e+00
   7.2153433e+00   5.5407038e+00
   7.5670948e+00   9.0514783e+00
   7.3651144e+00   7.5660128e+00
   7.2794898e+00   7.9602010e+00
   8.4719990e+00   7.5894879e+00
   7.5753558e+00   7.4606334e+00
   6.9693792e+00   7.9963697e+00
   6.3710731e+00   6.6351419e+00
   8.3863904e+00   8.5598074e+00
   8.1080310e+00   6.9634931e+00
   4.9645692e+00   6.3482533e+00
   7.5596785e+00   7.6605609e+00
   7.1055271e+00   7.3321496e+00
   7.7704372e+00   8.6615337e+00
   8.0442073e+00   6.1654604e+00
   6.7229303e+00   6.8442831e+00
   7.1273660e+00   8.0634654e+00
   5.6697770e+00   8.0315708e+00
   7.6689484e+00   7.9796880e+00
   6.8639784e+00   6.9184460e+00
   8.6790484e+00   6.9608238e+00
   8.0007737e+00   8.4809654e+00
   6.3263957e+00   8.6258860e+00
   6.2540858e+00   9.2177438e+00
   8.1322822e+00   8.1706397e+00
   5.7481622e+00   6.3491656e+00
   7.5444898e+00   7.1842300e+00
   6.7292358e+00   7.6947184e+00
   9.7329321e+00   8.4147272e+00
   7.4044573e+00   6.9336623e+00
   8.6384664e+00   7.7514505e+00
   6.8522307e+00   6.7528881e+00
   6.8455461e+00   7.4818628e+00
   6.9184398e+00   7.0886014e+00
   7.7796386e+00   7.8322618e+00
   5.5545599e+00   5.9260288e+00
   6.1695552e+00   6.8298836e+00
   8.2643693e+00   8.0242196e+00
   6.4073333e+00   7.6203472e+00
   7.2890528e+00   6.6841257e+00
   7.2299052e+00   7.7296011e+00
   8.0131516e+00   7.7137909e+00
   6.4580759e+00   7.7211992e+00
   8.1910539e+00   7.7859759e+00
   6.3774355e+00   8.4073774e+00
   6.1112492e+00   7.2527587e+00
   7.4156164e+00   7.2377558e+00
   6.9670873e+00   6.4201528e+00
   6.4825213e+00   8.1341265e+00
   7.7501313e+00   6.1968233e+00
   6.9665532e+00   6.1842630e+00
   8.5158620e+00   9.1409459e+00
   7.2694580e+00   7.4699471e+00
   8.0987946e+00   7.5242121e+00
   9.3640718e+00   6.7470596e+00
   5.5823678e+00   7.5639273e+00
   6.2844821e+00   7.9348046e+00
   8.7919598e+00   8.8790710e+00
   6.3211715e+00   8.1149702e+00
   7.4313521e+00   7.6326659e+00
   7.7360622e+00   7.4938261e+00
   8.3428379e+00   8.6833222e+00
   5.8882419e+00   7.9946320e+00
   7.2282855e+00   8.0353060e+00
   6.7041581e+00   7.0080039e+00
   7.8086683e+00   6.7381179e+00
   7.3439422e+00   7.1098434e+00
   7.9236120e+00   7.4568533e+00
   8.2679849e+00   4.3930350e+00
   7.5750501e+00   8.4747645e+00
   6.7111805e+00   9.4098017e+00
   8.6571914e+00   7.2200788e+00
   5.8318163e+00   8.1360571e+00
   7.9265233e+00   7.3087403e+00
   7.9459763e+00   8.4092359e+00
   7.8977803e+00   8.5162308e+00
   7.5045383e+00   7.9754446e+00
   7.1492069e+00   7.9085450e+00
   7.4501374e+00   8.9514551e+00
   6.6900965e+00   6.2428154e+00
   7.5753831e+00   7.1101728e+00
   8.3381985e+00   7.7925306e+00
   6.7516153e+00   9.1914475e+00
   8.6823376e+00   7.9013289e+00
   7.1458335e+00   8.5784698e+00
   5.7534199e+00   9.0600968e+00
   7.2487064e+00   7.3135210e+00
   8.9729112e+00   6.3836792e+00
   9.7373865e+00   7.4680982e+00
   7.2406150e+00   9.5603582e+00
   8.6915434e+00   8.4057873e+00
   6.6216874e+00   8.1135747e+00
   7.5585875e+00   1.4164363e+01
   6.5944826e+00   1.4095384e+01
   8.3816789e+00   1.3524413e+01
   8.0190967e+00   1.2418892e+01
   1.0049881e+01   1.3914129e+01
   8.3389261e+00   1.2666497e+01
   7.8350575e+00   1.2069997e+01
   7.0457326e+00   8.7011433e+00
   7.2805620e+00   1.1800855e+01
   7.6552853e+00   1.2142680e+01
   6.5951419e+00   9.8789117e+00
   6.4789658e+00   1.2665769e+01
   7.0640572e+00   1.1788278e+01
   8.8382142e+00   1.3129024e+01
   8.5696135e+00   1.4109412e+01
   8.3737055e+00   1.3220162e+01
   7.5464892e+00   1.2306755e+01
   8.3081327e+00   1.0761219e+01
   8.8915707e+00   1.1230894e+01
   7.8867803e+00   1.1401916e+01
   7.8983418e+00   1.4186523e+01
   9.7980990e+00   1.1672188e+01
   8.2209977e+00   1.2359559e+01
   6.6714635e+00   1.2262373e+01
   7.4319458e+00   1.3392558e+01
   7.5556914e+00   1.2822477e+01
   7.5593562e+00   1.1007434e+01
   7.8411231e+00   1.3814423e+01
   5.8692610e+00   1.0806169e+01
   8.0545295e+00   1.3561378e+01
   7.2952837e+00   1.2184161e+01
   7.3246587e+00   1.2144320e+01
   7.1733693e+00   1.2038316e+01
   7.2294382e+00   1.4107116e+01
   7.7081526e+00   1.3679655e+01
   6.2068368e+00   1.1989198e+01
   7.3685513e+00   1.2280810e+01
   6.7074820e+00   1.0956084e+01
   8.2506766e+00   1.1986597e+01
   7.2834247e+00   1.3348806e+01
   7.8306835e+00   1.2800039e+01
   7.5804039e+00   1.1698212e+01
   7.2844061e+00   1.3008112e+01
   8.1414442e+00   1.1020246e+01
   8.6300813e+00   1.2809784e+01
   6.1850611e+00   1.2219690e+01
   7.8232434e+00   1.0818987e+01
   6.7097840e+00   1.1364076e+01
   7.1670013e+00   1.2861107e+01
   7.8238788e+00   1.2115360e+01
   9.1112567e+00   1.2855218e+01
   7.8175503e+00   1.3335377e+01
   5.4978424e+00   1.3376884e+01
   9.8760168e+00   1.3046304e+01
   7.5677117e+00   1.2566704e+01
   7.1703819e+00   1.3555790e+01
   8.1575045e+00   1.1251261e+01
   9.0587470e+00   1.1071519e+01
   7.4688245e+00   1.3502271e+01
   8.9043946e+00   1.2797749e+01
   7.8544304e+00   1.1421310e+01
   6.4618984e+00   1.2445085e+01
   7.1587526e+00   1.3790860e+01
   7.4162237e+00   1.1802578e+01
   8.3704628e+00   1.2826963e+01
   8.1576842e+00   1.1199172e+01
   7.2312015e+00   1.2501718e+01
   7.5801345e+00   1.1928073e+01
   7.4466851e+00   1.1699537e+01
   7.5212597e+00   1.1932754e+01
   7.2661031e+00   1.2196578e+01
   8.1269322e+00   1.1503567e+01
   8.6917613e+00   1.2207927e+01
   7.1688130e+00   1.1906068e+01
   8.3011383e+00   1.1646578e+01
   5.9242783e+00   1.0098034e+01
   8.5393965e+00   1.3270638e+01
   7.7160041e+00   1.0977444e+01
   6.5820521e+00   1.1654097e+01
   8.3829405e+00   1.2889407e+01
   6.2173669e+00   1.2010467e+01
   7.1192598e+00   1.2709266e+01
   8.0331072e+00   1.1690071e+01
   7.5028834e+00   1.1803336e+01
   9.0922749e+00   1.0839684e+01
   6.8160181e+00   1.3221555e+01
   7.5653906e+00   1.3809412e+01
   6.4144231e+00   1.1244083e+01
   5.6202352e+00   1.2805778e+01
   7.9572853e+00   1.2311015e+01
   6.8249447e+00   1.3556211e+01
   5.8513979e+00   1.3779052e+01
   7.5948682e+00   1.1703117e+01
   8.4403377e+00   1.3355747e+01
   7.0359058e+00   1.1670193e+01
   9.7134638e+00   1.3428087e+01
   7.3471219e+00   1.1807070e+01
   8.3150920e+00   1.2688370e+01
   7.6931169e+00   1.1272387e+01
   9.2838019e+00   1.0931599e+01
   7.2795263e+00   1.0072039e+01
   7.6679381e+00   1.1334162e+01
   8.3080054e+00   1.2687898e+01
   8.8966903e+00   1.2596101e+01
   6.8300426e+00   1.3917750e+01
   6.5618415e+00   1.2920192e+01
   8.0960257e+00   1.3537663e+01
   7.6526881e+00   1.2863642e+01
   6.0502856e+00   1.0905312e+01
   5.7642054e+00   1.2428249e+01
   7.2889009e+00   1.0956713e+01
   8.6858555e+00   1.1382701e+01
   7.6952851e+00   1.3316237e+01
   7.7406731e+00   1.3006677e+01
   8.1030831e+00   1.3429089e+01
   8.1000915e+00   1.2520848e+01
   8.2804900e+00   1.1960627e+01
   6.2694978e+00   1.2903694e+01
   6.7667409e+00   1.2857821e+01
   7.7225317e+00   1.0830698e+01
   8.0844226e+00   1.2420164e+01
   6.6660999e+00   1.3237705e+01
   6.9535062e+00   1.4035248e+01
   6.7645001e+00   1.3767690e+01
   6.2750400e+00   1.4495142e+01
   6.4137775e+00   1.2723624e+01
   8.8798059e+00   1.1184679e+01
   7.4258017e+00   1.2681520e+01
   7.8207289e+00   1.1221469e+01
   7.8099678e+00   1.0990475e+01
   6.5943417e+00   1.2464771e+01
   8.2355573e+00   1.2482497e+01
   6.8490945e+00   1.2400478e+01
   8.3051567e+00   1.3068836e+01
   8.0949366e+00   1.3049244e+01
   7.7456642e+00   1.2632811e+01
   7.5918824e+00   1.1270134e+01
   9.3978061e+00   1.4145462e+01
   8.1693822e+00   1.3438985e+01
   7.8249353e+00   1.1350399e+01
   7.0614941e+00   1.5122921e+01
   7.9732439e+00   1.4875576e+01
   7.2738914e+00   1.2556429e+01
   5.2154986e+00   1.1912112e+01
   6.8741038e+00   1.1516965e+01
   7.6673947e+00   1.1121027e+01
   7.4794706e+00   1.2413041e+01
   6.4912429e+00   1.1739322e+01
   7.4263410e+00   1.1625464e+01
   8.1143869e+00   1.2031501e+01
   8.1272404e+00   1.2123252e+01
   7.6027940e+00   1.0868271e+01
   8.2529985e+00   1.1656659e+01
   6.6876485e+00   1.4577196e+01
   8.4518979e+00   1.4360336e+01
   6.3168224e+00   1.2424539e+01
   8.5936645e+00   9.9898410e+00
   7.5638705e+00   1.0312711e+01
   6.6109762e+00   1.3025250e+01
   9.2855205e+00   1.1647591e+01
   7.5571729e+00   1.2189040e+01
   8.4846853e+00   1.4103574e+01
   5.9256429e+00   1.3159012e+01
   6.8262525e+00   1.3173195e+01
   8.6150590e+00   1.1730335e+01
   7.9890989e+00   1.3556973e+01
   9.6402182e+00   1.2726085e+01
   7.7765353e+00   1.3071128e+01
   6.5356822e+00   1.1973070e+01
   6.6253071e+00   1.3075520e+01
   8.7635946e+00   1.3412766e+01
   6.0049039e+00   1.2341480e+01
   8.0932109e+00   1.3168649e+01
   6.6087686e+00   1.1640070e+01
   6.8721833e+00   1.3660235e+01
   7.0833233e+00   1.2570212e+01
   7.3922097e+00   1.1983398e+01
   7.5479631e+00   1.1513960e+01
   5.3680728e+00   1.2765062e+01
   8.2695160e+00   1.2549393e+01
   7.5453492e+00   1.2962360e+01
   6.9878872e+00   1.2042522e+01
   6.6786587e+00   1.2864248e+01
   7.3342716e+00   1.3745150e+01
   8.2464737e+00   1.3596934e+01
   6.5305579e+00   1.1176867e+01
   8.8503181e+00   1.3007145e+01
   6.6959589e+00   1.3712728e+01
   6.4533884e+00   1.1659783e+01
   7.3875862e+00   1.2503798e+01
   7.1495614e+00   1.2749431e+01
   7.8777315e+00   1.1757690e+01
   4.7066648e+00   1.2323031e+01
   6.8054574e+00   1.3115250e+01
   7.0410654e+00   1.2352899e+01
   7.1453278e+00   1.2218878e+01
   7.6112148e+00   1.0485933e+01
   7.6160071e+00   1.2294968e+01
   6.5944752e+00   1.2579757e+01
   6.0507630e+00   1.2701606e+01
   8.7046149e+00   1.2863081e+01
   8.2089207e+00   1.2457608e+01
   7.6342484e+00   1.2414204e+01
   7.6750402e+00   1.1593582e+01
   7.1819783e+00   1.0306188e+01
   7.8853622e+00   1.0363644e+01
   8.8242925e+00   1.2610463e+01
   7.3742685e+00   1.1526202e+01
   9.5190895e+00   1.2750985e+01
   7.2989489e+00   1.1429080e+01
   8.6750905e+00   1.3675906e+01
   4.9838848e+00   1.2372627e+01
   8.7489696e+00   1.1448446e+01
   1.0586818e+01   1.1107317e+01
   7.2565982e+00   1.2052876e+01
   8.5543158e+00   1.1646216e+01
   7.0997503e+00   1.3063875e+01
   6.8377520e+00   1.3018677e+01
   7.0868342e+00   1.1593634e+01
   6.4349834e+00   1.4440337e+01
   6.3929344e+00   1.0587327e+01
   6.0392748e+00   1.1968779e+01
   7.1574782e+00   1.0905904e+01
   7.4245541e+00   1.5205112e+01
   6.8598715e+00   1.0551481e+01
   6.0067563e+00   1.1294675e+01
   6.2103284e+00   1.1509911e+01
   7.5314494e+00   1.2996018e+01
   8.3466723e+00   1.3152992e+01
   4.9950799e+00   1.4624528e+01
   8.5010143e+00   1.2675945e+01
   8.1820275e+00   1.3273949e+01
   7.4061902e+00   1.1884348e+01
   7.9480218e+00   1.1923439e+01
   7.7760983e+00   1.0787804e+01
   6.1705342e+00   1.3038070e+01
   6.2183211e+00   1.3275952e+01
   8.5610076e+00   1.1049258e+01
   8.6356977e+00   1.2775993e+01
   8.5507732e+00   1.2654022e+01
   9.2711304e+00   1.0765233e+01
   7.4861068e+00   1.2710407e+01
   6.3659290e+00   1.2979093e+01
   7.3327089e+00   1.0832002e+01
   6.6726347e+00   1.2897683e+01
   7.8319997e+00   1.1975954e+01
   8.0900801e+00   1.1576016e+01
   8.5525422e+00   1.3369908e+01
   6.8905367e+00   1.2116016e+01
   8.4951075e+00   1.1447498e+01
   7.7871803e+00   1.1466808e+01
   8.6322544e+00   1.4865419e+01
   8.8564526e+00   1.1110530e+01
   7.2080414e+00   1.5118552e+01
   9.1007941e+00   1.2997509e+01
   7.2687841e+00   1.1515665e+01
   8.2503274e+00   1.3168533e+01
   6.2364790e+00   1.3322411e+01
   6.4847129e+00   1.1503833e+01
   7.3120387e+00   1.3143656e+01
   6.6745848e+00   1.2485710e+01
   8.1540374e+00   1.2906419e+01
   7.1140429e+00   1.2690493e+01
   6.3755196e+00   1.1880059e+01
   7.8787964e+00   1.0731857e+01
   8.0649575e+00   1.2856378e+01
   7.1155164e+00   1.2629618e+01
   6.8612071e+00   1.1622587e+01
   6.6053791e+00   1.2448909e+01
   7.0841782e+00   1.2092473e+01
   8.6357659e+00   1.1766311e+01
   7.0345860e+00   1.3570652e+01
   6.8724091e+00   1.2540809e+01
   7.3923076e+00   1.2807401e+01
   9.0390818e+00   1.2816528e+01
   8.0847331e+00   1.4102131e+01
   6.4225803e+00   1.2820072e+01
   8.5796942e+00   1.3916474e+01
   8.0674534e+00   1.4323741e+01
   8.4559778e+00   1.2469959e+01
   7.7278437e+00   1.4028338e+01
   7.4371088e+00   1.3105401e+01
   7.6611458e+00   1.2717187e+01
   7.8702484e+00   1.1544309e+01
   7.6196098e+00   1.4310779e+01
   7.3721332e+00   1.3297534e+01
   6.7187971e+00   1.2817288e+01
   7.0903763e+00   1.3718114e+01
   7.6066993e+00   1.3165251e+01
   6.0536991e+00   1.1682738e+01
   8.2635881e+00   1.3090343e+01
   8.1713574e+00   1.2844061e+01
   6.4109260e+00   1.2985470e+01
   8.6651241e+00   1.2918771e+01
   7.7790399e+00   1.1916590e+01
   6.9361167e+00   1.3611536e+01
   5.6279400e+00   1.3698571e+01
   8.1125780e+00   1.1103913e+01
   8.1042560e+00   1.2690377e+01
   7.3865348e+00   1.3246261e+01
   8.3999585e+00   1.4180183e+01
   6.9594570e+00   1.3230125e+01
   8.1731127e+00   1.0412587e+01
   7.7882901e+00   1.3505404e+01
   8.7967846e+00   1.2853766e+01
   9.5115557e+00   1.3800358e+01
   1.0538218e+01   1.2465317e+01
   7.8606128e+00   1.2139902e+01
   7.3928646e+00   1.1502707e+01
   6.5657249e+00   1.1844576e+01
   6.1385755e+00   1.1202684e+01
   8.9915912e+00   1.1140775e+01
   8.5628157e+00   1.1733566e+01
   7.5806559e+00   1.2404400e+01
   5.6855063e+00   1.1882113e+01
   7.8096049e+00   1.3200982e+01
   6.9523037e+00   1.3565698e+01
   9.1418386e+00   1.1780831e+01
   7.6641580e+00   1.1222921e+01
   5.9897971e+00   1.1498124e+01
   5.4299810e+00   1.2396087e+01
   7.5466325e+00   1.3869582e+01
   7.7234065e+00   1.2366440e+01
   8.8862641e+00   1.1979518e+01
   7.1551703e+00   1.3059481e+01
   8.8406362e+00   1.1122810e+01
   5.9756042e+00   1.4157429e+01
   9.1876985e+00   1.2672494e+01
   7.1549367e+00   1.3273024e+01
   8.5615886e+00   1.2244452e+01
   7.8169432e+00   1.6133265e+01
   7.7833924e+00   1.1458822e+01
   7.2692876e+00   1.2936111e+01
   5.9921370e+00   9.5328526e+00
   7.6791699e+00   1.4451628e+01
   8.2756946e+00   1.0952416e+01
   6.9313030e+00   1.2191532e+01
   6.7130238e+00   1.1889337e+01
   7.2203785e+00   1.2854650e+01
   7.6160564e+00   1.1690718e+01
   7.3483629e+00   1.2862841e+01
   7.2686355e+00   1.2018083e+01
   7.7572795e+00   1.1787962e+01
   6.5503601e+00   1.0756836e+01
   5.6198869e+00   1.2278813e+01
   7.0725974e+00   1.4513476e+01
   8.4331700e+00   1.3423309e+01
   9.2078348e+00   1.2593540e+01
   6.5541339e+00   1.2590719e+01
   7.6578280e+00   1.2890922e+01
   7.2241468e+00   1.2878121e+01
   8.3309282e+00   1.0568661e+01
   9.6716316e+00   1.1659904e+01
   6.8481219e+00   1.5986412e+01
   7.3529172e+00   1.1874227e+01
   7.1250055e+00   1.3176407e+01
   9.6303567e+00   1.1192457e+01
   8.1941331e+00   1.2664026e+01
   7.6574712e+00   1.3675998e+01
   7.7376999e+00   1.1975868e+01
   9.8127218e+00   1.1597328e+01
   7.9362851e+00   1.2807256e+01
   7.6596033e+00   1.1562107e+01
   6.4781574e+00   1.1297017e+01
   8.8903332e+00   1.2121900e+01
   8.6175423e+00   1.1854527e+01
   7.8649534e+00   1.3258193e+01
   8.8822112e+00   1.1621420e+01
   8.8322156e+00   1.3920220e+01
   4.7674732e+00   1.0668410e+01
   8.6203575e+00   1.2509034e+01
   7.5800904e+00   1.3495431e+01
   8.8118394e+00   1.2208868e+01
   7.0751579e+00   1.1880338e+01
   6.8810944e+00   1.0996126e+01
   7.4756565e+00   1.1914754e+01
   7.4008466e+00   1.4571603e+01
   6.1950026e+00   1.1848683e+01
   6.0069432e+00   1.2955048e+01
   8.1274723e+00   1.1747440e+01
   7.9137142e+00   1.3861354e+01
   8.4532498e+00   1.2105010e+01
   8.2267867e+00   1.2406511e+01
   9.3160411e+00   1.3100410e+01
   9.5845368e+00   1.2115588e+01
   8.2490664e+00   1.1106646e+01
   7.5138636e+00   1.3339085e+01
   8.1871282e+00   1.1795304e+01
   6.6416173e+00   1.3050186e+01
   7.3851852e+00   1.4179254e+01
   7.2305924e+00   1.2546914e+01
   7.5994161e+00   1.2890158e+01
   8.0605622e+00   1.2937776e+01
   6.5013837e+00   1.2100841e+01
   6.4212961e+00   1.1963744e+01
   4.9358570e+00   1.1142433e+01
   7.2778487e+00   1.2416487e+01
   7.8290962e+00   1.2225559e+01
   7.9869767e+00   1.2965112e+01
   6.3398297e+00   1.1932717e+01
   1.2365770e+01   7.6154738e+00
   1.2787289e+01   5.3150660e+00
   1.2869352e+01   7.2215011e+00
   1.2625836e+01   7.4350576e+00
   1.2691408e+01   6.9024041e+00
   1.1877729e+01   7.8587272e+00
   1.1691881e+01   6.1167412e+00
   1.1627599e+01   6.4198197e+00
   1.2639514e+01   6.4323333e+00
   1.3109299e+01   6.8198339e+00
   1.2411787e+01   8.6497242e+00
   1.2840872e+01   7.9441045e+00
   1.2337613e+01   8.6810770e+00
   1.3621668e+01   5.7697423e+00
   1.3897073e+01   7.6189472e+00
   1.1233958e+01   9.3026648e+00
   1.2390163e+01   7.9618857e+00
   1.3146287e+01   8.5126809e+00
   1.3802095e+01   5.8851453e+00
   1.3646324e+01   7.9097714e+00
   1.3284504e+01   8.7581986e+00
   1.1421652e+01   8.6313161e+00
   1.0678123e+01   7.5709412e+00
   1.2087479e+01   7.2707084e+00
   1.2681143e+01   8.0258087e+00
   1.1329316e+01   7.6383578e+00
   1.2062112e+01   9.2365956e+00
   1.2035539e+01   7.6137965e+00
   1.4580009e+01   6.4686972e+00
   1.1507852e+01   7.1112671e+00
   1.1443353e+01   7.2769875e+00
   1.4342762e+01   8.2313428e+00
   1.4456225e+01   7.5443324e+00
   1.3287904e+01   7.9388434e+00
   1.1329919e+01   1.0089548e+01
   1.2101473e+01   8.6208653e+00
   1.0701299e+01   8.2789968e+00
   1.1485102e+01   8.8986381e+00
   1.1553905e+01   9.0930055e+00
   1.3595583e+01   8.1615930e+00
   1.1712959e+01   6.7167685e+00
   1.2809423e+01   6.8035101e+00
   1.4049918e+01   7.9220685e+00
   1.2937080e+01   8.3417106e+00
   1.1965881e+01   7.0293091e+00
   1.1977496e+01   7.2036834e+00
   1.1761825e+01   7.7441104e+00
   1.1893954e+01   7.2614913e+00
   1.2891603e+01   6.7424513e+00
   1.2572505e+01   7.4951974e+00
   1.1345503e+01   5.5101772e+00
   1.3942648e+01   9.6755661e+00
   1.2290414e+01   7.0493384e+00
   1.2846915e+01   8.5481597e+00
   1.4496149e+01   6.3424150e+00
   1.3532989e+01   7.2268312e+00
   1.4098466e+01   8.2995891e+00
   1.1225770e+01   6.5152929e+00
   1.0366529e+01   7.3512443e+00
   1.2896459e+01   7.4953531e+00
   1.1773881e+01   7.7855685e+00
   1.2538569e+01   7.2684762e+00
   1.2611832e+01   7.1300347e+00
   1.2864151e+01   7.0014753e+00
   1.1359955e+01   7.3607701e+00
   1.3414443e+01   6.9456904e+00
   1.2744512e+01   5.5783689e+00
   1.2622847e+01   8.5150375e+00
   1.1669870e+01   7.9625918e+00
   1.3600405e+01   8.7842317e+00
   1.2487234e+01   7.2764145e+00
   1.2438107e+01   7.9502230e+00
   1.2749212e+01   6.3630119e+00
   1.2312339e+01   6.6534210e+00
   1.2596032e+01   7.1320510e+00
   1.2430883e+01   8.3675139e+00
   1.2461720e+01   6.8821116e+00
   1.3719931e+01   7.2923664e+00
   1.2807792e+01   8.2143430e+00
   1.0802389e+01   8.5655157e+00
   1.3912004e+01   7.6286671e+00
   1.2437429e+01   7.3056774e+00
   1.3893973e+01   7.4231186e+00
   1.1855802e+01   6.9831902e+00
   1.0021853e+01   6.4977483e+00
   1.2900545e+01   8.3007969e+00
   1.2050966e+01   4.5785013e+00
   1.1746532e+01   7.5595377e+00
   1.1762742e+01   8.2880121e+00
   1.1451720e+01   7.1798338e+00
   1.3142991e+01   6.5177742e+00
   1.3275258e+01   7.1937527e+00
   1.1380721e+01   7.8333030e+00
   1.1546919e+01   8.7972564e+00
   1.2269285e+01   7.3466175e+00
   1.1663400e+01   7.8794503e+00
   1.0823011e+01   9.0846821e+00
   1.3221327e+01   7.3917982e+00
   1.3171513e+01   6.5984629e+00
   1.2532155e+01   6.8703116e+00
   1.3363326e+01   8.5068008e+00
   1.2030999e+01   6.3705460e+00
   1.2692526e+01   8.1510379e+00
   1.2991248e+01   5.8605741e+00
   1.2767110e+01   8.2909199e+00
   1.1620330e+01   7.5014662e+00
   1.1764469e+01   7.1925808e+00
   1.2112045e+01   6.4855694e+00
   1.1800353e+01   7.5300932e+00
   1.0929257e+01   6.0810968e+00
   1.3255469e+01   7.6916861e+00
   1.3028974e+01   6.6995263e+00
   1.1901771e+01   5.8551532e+00
   1.3982112e+01   8.4119143e+00
   1.2442377e+01   8.8210020e+00
   1.3796213e+01   6.1433490e+00
   1.3569151e+01   7.8677103e+00
   1.2160390e+01   7.1296933e+00
   1.1972884e+01   5.8820821e+00
   1.3557415e+01   6.1944020e+00
   1.3082378e+01   8.1936457e+00
   1.1767466e+01   9.7586598e+00
   1.1715502e+01   6.7504285e+00
   1.3594134e+01   6.5849595e+00
   1.2002024e+01   7.9095403e+00
   1.1842275e+01   1.0295108e+01
   1.2464840e+01   7.4686003e+00
   1.3262925e+01   6.1926655e+00
   1.2240005e+01   8.0113670e+00
   1.3375252e+01   4.8200968e+00
   1.2192936e+01   8.2805809e+00
   1.2036013e+01   5.5231703e+00
   1.2058542e+01   7.0033116e+00
   1.0518437e+01   6.9651111e+00
   1.3495670e+01   7.4346470e+00
   1.2403416e+01   8.8156957e+00
   1.2380658e+01   8.9753615e+00
   1.1587531e+01   6.1218175e+00
   1.2471814e+01   6.1752547e+00
   1.2852949e+01   7.1647985e+00
   1.5314178e+01   5.9714235e+00
   1.3800078e+01   7.5452792e+00
   1.3010303e+01   5.3818678e+00
   1.2166094e+01   7.0655546e+00
   1.0331762e+01   7.8547586e+00
   1.4344330e+01   5.8118226e+00
   1.1346295e+01   7.7287976e+00
   1.2990870e+01   7.6472934e+00
   1.3265328e+01   6.5436907e+00
   1.1232613e+01   6.6117024e+00
   1.0490971e+01   7.7502947e+00
   1.3540455e+01   6.8403120e+00
   1.2356799e+01   7.7165727e+00
   1.3519122e+01   6.9711443e+00
   1.1663896e+01   6.7024098e+00
   1.2843381e+01   6.1963301e+00
   1.2225007e+01   9.2762553e+00
   1.2561488e+01   7.5553273e+00
   1.3285719e+01   8.2552176e+00
   1.2621743e+01   6.9579772e+00
   1.1104484e+01   8.2067167e+00
   1.1865444e+01   7.8436925e+00
   1.4343904e+01   8.0587300e+00
   1.2351655e+01   6.7328858e+00
   1.2312830e+01   8.5308904e+00
   1.2655449e+01   7.3907044e+00
   1.4354050e+01   6.9411052e+00
   1.0220931e+01   6.4436411e+00
   1.1833963e+01   8.0277591e+00
   1.0725791e+01   7.3298843e+00
   1.2557533e+01   6.4778450e+00
   1.2031664e+01   7.9675397e+00
   1.3410705e+01   8.2018339e+00
   1.2018844e+01   6.2020609e+00
   1.2788571e+01   8.5649011e+00
   1.2200599e+01   6.5649487e+00
   1.1862016e+01   7.4473650e+00
   1.2916214e+01   8.0109271e+00
   1.4768347e+01   7.3606521e+00
   1.2931430e+01   6.1142762e+00
   1.0038898e+01   8.2987648e+00
   1.1144333e+01   8.2051400e+00
   1.0895965e+01   8.1797992e+00
   1.4145714e+01   6.6552038e+00
   1.2671897e+01   7.6639675e+00
   1.3276038e+01   6.9004441e+00
   1.1552435e+01   7.1647632e+00
   1.2425703e+01   7.3097100e+00
   1.2056714e+01   9.4102947e+00
   1.1375305e+01   7.7730725e+00
   1.0894732e+01   8.4980213e+00
   1.1933458e+01   8.4551312e+00
   1.2765515e+01   8.2627856e+00
   1.3293128e+01   7.6633926e+00
   1.1896339e+01   6.0227539e+00
   1.0713085e+01   7.2932053e+00
   1.1954947e+01   8.2654311e+00
   1.3680129e+01   7.1724275e+00
   1.3439915e+01   7.1343702e+00
   1.1344142e+01   5.5556235e+00
   1.2408143e+01   8.5830005e+00
   1.1644593e+01   8.3014835e+00
   1.3116618e+01   7.3719830e+00
   1.2254301e+01   6.3519456e+00
   1.2619974e+01   8.2790636e+00
   1.2245291e+01   6.7357404e+00
   1.3331835e+01   8.8808517e+00
   1.2058024e+01   8.3480352e+00
   1.2435258e+01   5.7444340e+00
   1.1483275e+01   5.5238415e+00
   1.2278827e+01   1.1182868e+01
   1.2271677e+01   7.1638880e+00
   1.1196915e+01   7.8854921e+00
   1.4231344e+01   7.8907233e+00
   1.0516419e+01   6.9719618e+00
   1.1337502e+01   7.3258616e+00
   1.3302072e+01   9.0748545e+00
   1.1556641e+01   8.1217488e+00
   1.3439299e+01   8.1995014e+00
   1.2258927e+01   8.4278194e+00
   1.1241650e+01   8.7091063e+00
   1.0915430e+01   7.0968258e+00
   1.3590749e+01   6.8301131e+00
   1.3118680e+01   7.1743461e+00
   1.2948631e+01   7.0261357e+00
   1.2676425e+01   7.2679396e+00
   1.1142991e+01   8.1739220e+00
   1.3693444e+01   6.8778922e+00
   1.3127549e+01   6.3726884e+00
   1.1369866e+01   7.7936981e+00
   1.1844590e+01   8.1170922e+00
   1.2137545e+01   9.2139024e+00
   1.1929228e+01   1.0278598e+01
   1.0847893e+01   8.1308036e+00
   1.0111768e+01   6.8027824e+00
   1.2112099e+01   7.1234792e+00
   1.0723747e+01   9.4091798e+00
   1.2225268e+01   8.2470597e+00
   1.4603045e+01   7.0549171e+00
   1.1972946e+01   8.4878979e+00
   1.3566736e+01   8.7292545e+00
   1.3035444e+01   8.6568573e+00
   1.1918782e+01   7.2810990e+00
   1.3447176e+01   6.9209131e+00
   1.2859041e+01   6.9711169e+00
   1.2492032e+01   8.1815910e+00
   1.3775419e+01   7.4502664e+00
   1.3089824e+01   6.8221647e+00
   1.5486253e+01   9.7533168e+00
   1.2139681e+01   7.6903110e+00
   1.2251142e+01   7.6771734e+00
   1.3287989e+01   9.2897256e+00
   1.1490350e+01   1.0889844e+01
   1.3037813e+01   8.5222562e+00
   1.3410627e+01   6.8807471e+00
   1.2113155e+01   6.6589588e+00
   1.3703472e+01   8.5338580e+00
   1.4472563e+01   6.6433645e+00
   1.1176541e+01   7.3652958e+00
   1.2998312e+01   8.4173041e+00
   1.3048589e+01   6.1341971e+00
   1.2592084e+01   6.3843901e+00
   1.1527632e+01   8.3131856e+00
   1.4200083e+01   5.8093548e+00
   1.3644563e+01   7.9334759e+00
   1.3361866e+01   7.7239342e+00
   1.3760621e+01   8.1190933e+00
   1.4130426e+01   6.7208459e+00
   1.1002501e+01   7.2474949e+00
   1.1836380e+01   7.6306913e+00
   1.1819358e+01   9.6785212e+00
   1.1730254e+01   7.7564480e+00
   1.1435150e+01   8.1450040e+00
   1.2153764e+01   7.4314592e+00
   1.1847567e+01   8.7378796e+00
   1.3814016e+01   7.6571661e+00
   1.2611797e+01   6.5596140e+00
   1.3200456e+01   7.1810630e+00
   1.4633324e+01   7.7713587e+00
   1.1462067e+01   7.3313198e+00
   1.2973150e+01   8.0170581e+00
   1.1948710e+01   7.6721847e+00
   1.3362512e+01   8.2072354e+00
   1.0948260e+01   7.2722222e+00
   1.3046095e+01   7.9015895e+00
   1.1613251e+01   8.4689809e+00
   1.2229856e+01   7.7782070e+00
   1.2947150e+01   6.1252130e+00
   1.4086412e+01   7.4127789e+00
   1.2323532e+01   7.6417654e+00
   1.2940901e+01   7.6021780e+00
   1.3145523e+01   8.2925806e+00
   1.0864432e+01   6.6344006e+00
   1.0002839e+01   8.0704729e+00
   1.1624393e+01   6.9731157e+00
   1.3168628e+01   7.1453300e+00
   1.2293702e+01   8.1577871e+00
   1.4140403e+01   6.8165295e+00
   1.1720017e+01   6.7165490e+00
   1.2155422e+01   7.9948536e+00
   1.3790392e+01   6.9707830e+00
   1.3340718e+01   5.6563655e+00
   1.1972323e+01   6.0535956e+00
   1.1988696e+01   8.6332194e+00
   1.2832560e+01   8.3763665e+00
   1.2475613e+01   8.2276566e+00
   1.1838026e+01   8.3580277e+00
   1.1334437e+01   7.7302988e+00
   1.1607031e+01   5.3696362e+00
   1.1102978e+01   6.2237682e+00
   1.2906837e+01   6.9496777e+00
   1.1132381e+01   8.4607178e+00
   1.1318427e+01   9.0639613e+00
   1.4060280e+01   6.8171492e+00
   1.4656483e+01   7.7067628e+00
   1.4795585e+01   6.9635342e+00
   1.1856914e+01   7.7349458e+00
   1.1094236e+01   7.3681625e+00
   1.3815856e+01   4.3467554e+00
   1.1058016e+01   6.9230587e+00
   1.2699308e+01   8.7790560e+00
   1.3628702e+01   7.6579545e+00
   1.2958354e+01   8.5897623e+00
   1.1185432e+01   7.4489378e+00
   1.2229273e+01   9.3816442e+00
   1.3599021e+01   7.7806969e+00
   1.2829190e+01   6.1890673e+00
   1.2633701e+01   6.3789688e+00
   1.2127480e+01   8.7720889e+00
   1.2701807e+01   6.9860549e+00
   1.3938494e+01   7.6718193e+00
   1.2541119e+01   8.3030209e+00
   1.4043865e+01   6.8768736e+00
   1.3166596e+01   9.4605002e+00
   1.3023342e+01   7.2235370e+00
   1.1992307e+01   7.9005637e+00
   1.1658568e+01   8.3643934e+00
   1.2257762e+01   7.5918558e+00
   1.2494296e+01   8.0891012e+00
   1.3451176e+01   7.6640037e+00
   1.3929179e+01   8.8350118e+00
   1.2216108e+01   8.3122488e+00
   1.1054175e+01   6.4360726e+00
   1.1456078e+01   9.0394460e+00
   1.4477103e+01   7.6334248e+00
   1.1803163e+01   6.4253753e+00
   1.0988618e+01   7.8978149e+00
   1.2298130e+01   7.8991974e+00
   1.2551938e+01   6.7870052e+00
   1.2416025e+01   6.1980662e+00
   1.0157303e+01   7.3044316e+00
   1.1442710e+01   6.2047057e+00
   1.2326547e+01   9.0583566e+00
   1.0425937e+01   6.4968570e+00
   1.4052039e+01   6.9170185e+00
   1.1116023e+01   6.2291024e+00
   1.1861942e+01   6.4743152e+00
   1.1788085e+01   8.8040270e+00
   1.3481917e+01   6.8090954e+00
   1.3058366e+01   8.3335018e+00
   1.2393948e+01   9.2923704e+00
   1.2028544e+01   8.0848094e+00
   1.2566178e+01   6.9341554e+00
   1.3826126e+01   7.3931428e+00
   1.2856871e+01   6.5299399e+00
   1.1961144e+01   9.7063311e+00
   1.3631019e+01   7.0260445e+00
   1.2072623e+01   7.8326232e+00
   1.2006675e+01   5.1181223e+00
   1.2500580e+01   7.7503571e+00
   1.5129589e+01   7.4916749e+00
   1.5130945e+01   7.1814479e+00
   1.2622697e+01   7.8252148e+00
   1.3438547e+01   7.6826909e+00
   1.2527432e+01   6.7412893e+00
   1.2518167e+01   6.7774418e+00
   1.2203894e+01   7.5166058e+00
   1.1106590e+01   6.7647966e+00
   1.0758164e+01   7.0283749e+00
   1.1383614e+01   7.0061157e+00
   1.3097877e+01   6.9294254e+00
   1.4096067e+01   5.7128498e+00
   1.3069384e+01   6.1353914e+00
   1.0753919e+01   6.8601696e+00
   1.2199624e+01   8.8393258e+00
   1.0908001e+01   7.8221366e+00
   1.3915569e+01   7.5433790e+00
   1.2203077e+01   8.9859417e+00
   1.1337931e+01   7.8341651e+00
   1.3239321e+01   8.0417868e+00
   1.2603612e+01   6.9201762e+00
   1.3610015e+01   8.1383655e+00
   1.3136171e+01   6.5156094e+00
   1.1768055e+01   8.0470464e+00
   1.1950800e+01   6.3697054e+00
   1.1394484e+01   8.5372668e+00
   1.3453217e+01   6.3216399e+00
   1.3897294e+01   6.3899571e+00
   1.1473656e+01   7.0397688e+00
   1.2433361e+01   7.8173338e+00
   1.1622292e+01   1.3010634e+01
   1.1198586e+01   1.1652705e+01
   1.1986197e+01   1.3372918e+01
   1.3743731e+01   1.2710487e+01
   1.4685036e+01   1.4390018e+01
   1.3555979e+01   1.1185614e+01
   1.2108481e+01   1.1536425e+01
   1.1950858e+01   1.1431015e+01
   1.2543123e+01   1.2559690e+01
   1.2055851e+01   1.3486570e+01
   1.3674563e+01   1.4897688e+01
   1.1622475e+01   1.2739468e+01
   1.3132720e+01   1.2576736e+01
   1.0504487e+01   1.1477301e+01
   1.2196216e+01   1.2719958e+01
   1.4116507e+01   1.2105859e+01
   1.2032722e+01   1.2809526e+01
   1.2291388e+01   1.2905074e+01
   1.2098038e+01   1.3957346e+01
   1.1112424e+01   1.2272009e+01
   1.3218892e+01   1.2260357e+01
   1.2344508e+01   1.1407420e+01
   1.2061553e+01   1.1828163e+01
   1.4278629e+01   1.2391000e+01
   1.0736429e+01   1.3552213e+01
   1.3507518e+01   1.2971966e+01
   1.4175833e+01   1.4528935e+01
   1.2340476e+01   1.3502657e+01
   1.1623806e+01   1.1947686e+01
   1.4200997e+01   1.3302637e+01
   1.1545858e+01   1.3315730e+01
   1.2747395e+01   1.1968838e+01
   1.1523255e+01   1.2411208e+01
   1.4333421e+01   1.2167921e+01
   1.2686014e+01   1.2156981e+01
   1.3087862e+01   1.0741401e+01
   1.2204488e+01   1.1153702e+01
   1.4207038e+01   1.1282232e+01
   1.2941314e+01   1.1510797e+01
   1.2544262e+01   1.2940338e+01
   1.2620778e+01   1.3545561e+01
   1.1973288e+01   1.1325702e+01
   1.2767955e+01   1.1377441e+01
   1.2172757e+01   1.1205101e+01
   1.2647910e+01   1.0807339e+01
   1.5834369e+01   1.1798480e+01
   1.1975107e+01   1.2886460e+01
   1.1755994e+01   1.2778732e+01
   1.3407850e+01   1.3118438e+01
   1.1993769e+01   1.1672861e+01
   1.2140385e+01   1.0979794e+01
   9.9850628e+00   1.2854959e+01
   1.3143250e+01   1.2748333e+01
   1.1180196e+01   1.2626166e+01
   1.2933810e+01   1.1433381e+01
   1.3095797e+01   1.0815754e+01
   1.3254384e+01   1.3784510e+01
   1.2263911e+01   1.1737680e+01
   1.1564165e+01   1.1325156e+01
   1.2971613e+01   1.2866313e+01
   1.3636262e+01   1.2889001e+01
   1.1271675e+01   1.2203996e+01
   1.0702474e+01   1.2500619e+01
   1.1392897e+01   1.1850078e+01
   1.1759308e+01   1.0726120e+01
   1.4125365e+01   1.2214470e+01
   9.6353318e+00   1.3360862e+01
   1.2272217e+01   1.1950619e+01
   1.2177952e+01   1.1691360e+01
   1.1924808e+01   1.3403114e+01
   1.1748530e+01   1.1611145e+01
   1.1495672e+01   1.1541071e+01
   1.3781006e+01   1.1788611e+01
   1.2943844e+01   1.0748820e+01
   1.1681690e+01   1.2176786e+01
   1.1815519e+01   1.4775748e+01
   1.1812125e+01   1.2492453e+01
   1.3223894e+01   1.3145324e+01
   1.2428585e+01   1.2713380e+01
   1.2736074e+01   1.4450536e+01
   1.1862662e+01   1.3863294e+01
   1.1546959e+01   1.2224750e+01
   1.3656982e+01   1.2163116e+01
   1.2284867e+01   1.2980314e+01
   1.3522679e+01   1.2046487e+01
   1.2943217e+01   1.2044517e+01
   1.1711425e+01   1.3342734e+01
   1.3809929e+01   1.1306218e+01
   1.2667338e+01   1.3429962e+01
   1.3246463e+01   1.1764462e+01
   1.1621708e+01   1.1533278e+01
   1.2359812e+01   1.1420490e+01
   1.2825360e+01   1.1283920e+01
   1.2688102e+01   1.2992940e+01
   1.2412409e+01   1.2302767e+01
   1.1563410e+01   1.3352670e+01
   1.3306671e+01   1.2483501e+01
   1.1836501e+01   1.1272393e+01
   1.1844504e+01   1.2198831e+01
   1.2133141e+01   1.3875882e+01
   1.3381642e+01   1.2335714e+01
   1.3239156e+01   1.1896905e+01
   1.1959754e+01   1.3183954e+01
   1.2653959e+01   1.3080329e+01
   1.2013266e+01   1.4161065e+01
   1.1428585e+01   1.2229645e+01
   1.2185474e+01   1.2446728e+01
   1.3384567e+01   1.1966735e+01
   1.2717824e+01   1.0591872e+01
   1.2531252e+01   1.3636959e+01
   1.4304127e+01   1.4246648e+01
   1.1165838e+01   1.3138079e+01
   1.1927190e+01   1.2484909e+01
   1.1661449e+01   1.1524118e+01
   1.1105204e+01   1.1916613e+01
   1.3759164e+01   1.2699360e+01
   1.3930549e+01   1.2100193e+01
   1.2072208e+01   1.1916266e+01
   1.0689229e+01   1.2470251e+01
   1.3945495e+01   1.4173930e+01
   1.1715262e+01   1.3614281e+01
   1.3588704e+01   1.4231250e+01
   1.3628334e+01   1.2587786e+01
   1.2494204e+01   1.2443429e+01
   1.0691420e+01   1.4196611e+01
   1.2572091e+01   1.3312754e+01
   1.3021818e+01   1.1472622e+01
   1.4338361e+01   1.4017477e+01
   1.2224233e+01   1.2461427e+01
   1.2443356e+01   1.2775042e+01
   1.3352398e+01   1.3653247e+01
   1.2509637e+01   9.9707166e+00
   1.3183320e+01   1.1917662e+01
   1.4029334e+01   1.0585991e+01
   1.2573951e+01   1.2797583e+01
   1.3646367e+01   1.1849570e+01
   1.2839229e+01   1.1613482e+01
   1.2332295e+01   1.1839635e+01
   1.3048498e+01   1.1746274e+01
   1.2010600e+01   1.1574616e+01
   1.3435922e+01   1.3876106e+01
   1.2351560e+01   1.4660040e+01
   1.3004529e+01   1.2477936e+01
   1.0405224e+01   1.3230049e+01
   1.3343572e+01   1.2348706e+01
   1.1516459e+01   1.4105920e+01
   1.1578414e+01   1.4020783e+01
   1.2784530e+01   1.1511436e+01
   1.3752178e+01   1.3948339e+01
   1.3665280e+01   1.2918318e+01
   1.2448383e+01   1.3506064e+01
   1.3707487e+01   1.3650101e+01
   1.4736964e+01   1.2802142e+01
   1.1807883e+01   1.2980166e+01
   1.2304428e+01   1.2428090e+01
   1.1349164e+01   1.3009531e+01
   1.2006714e+01   1.1712964e+01
   1.1645382e+01   1.1371670e+01
   1.1493241e+01   1.2413141e+01
   1.4097477e+01   1.1929560e+01
   1.3555360e+01   1.2459329e+01
   1.1500794e+01   1.2872991e+01
   1.2419763e+01   1.3118911e+01
   1.3926174e+01   1.1257396e+01
   1.2835031e+01   1.2621340e+01
   1.3856866e+01   1.2283449e+01
   1.0882140e+01   1.1409338e+01
   1.2893313e+01   1.2747229e+01
   1.3083165e+01   1.3289511e+01
   1.1733475e+01   1.3758496e+01
   1.4080885e+01   1.4361978e+01
   1.2993722e+01   1.2368874e+01
   1.0298487e+01   1.3245930e+01
   1.1089368e+01   1.2866272e+01
   1.3736341e+01   1.3396163e+01
   1.2531976e+01   1.2821981e+01
   1.3712135e+01   1.3249748e+01
   1.2398645e+01   1.3369546e+01
   1.2948936e+01   1.3307606e+01
   1.1104610e+01   1.3554493e+01
   1.1953687e+01   1.3035889e+01
   1.2167742e+01   1.2968358e+01
   1.3633658e+01   1.3124704e+01
   1.2035558e+01   1.3508596e+01
   1.2616864e+01   1.2577681e+01
   1.2513822e+01   1.2115808e+01
   1.1850740e+01   1.1012765e+01
   1.3649719e+01   1.1448999e+01
   1.3907269e+01   1.2720775e+01
   1.2795775e+01   1.4052397e+01
   1.3076104e+01   1.3785224e+01
   1.3222184e+01   1.3094805e+01
   1.1227906e+01   1.1950007e+01
   1.3751012e+01   1.3886467e+01
   1.0516543e+01   1.0088201e+01
   1.1493819e+01   1.2821335e+01
   1.1916180e+01   1.2988775e+01
   1.2894636e+01   1.2534476e+01
   1.2830255e+01   1.2607700e+01
   1.1914336e+01   1.2896677e+01
   1.1174343e+01   1.3149403e+01
   1.3063139e+01   1.2064795e+01
   1.1857802e+01   1.2958334e+01
   1.3108219e+01   1.4423715e+01
   1.3016630e+01   1.3339674e+01
   1.3748788e+01   1.2015858e+01
   1.1405564e+01   1.3496732e+01
   1.1726062e+01   1.2647525e+01
   1.2864587e+01   1.3504773e+01
   1.1382717e+01   1.1727517e+01
   1.1830509e+01   1.0921765e+01
   1.2414997e+01   1.1992707e+01
   1.2209639e+01   1.1379585e+01
   1.3262500e+01   1.2068973e+01
   1.1795819e+01   1.2436811e+01
   1.3008580e+01   1.5014985e+01
   1.1902654e+01   1.2689328e+01
   1.1533553e+01   1.1834022e+01
   1.4160859e+01   1.2868908e+01
   1.2404853e+01   1.2320796e+01
   1.2338309e+01   1.3358858e+01
   1.1879939e+01   1.4075697e+01
   1.2093043e+01   1.4288849e+01
   1.3552049e+01   1.2003201e+01
   1.1779111e+01   1.3434181e+01
   1.1602175e+01   1.3366956e+01
   1.2093253e+01   1.3001663e+01
   1.0911749e+01   1.3054739e+01
   1.2812419e+01   1.0750134e+01
   1.1833649e+01   1.1406992e+01
   1.4738540e+01   1.2009549e+01
   1.3316057e+01   1.0644060e+01
   1.1470533e+01   1.2543541e+01
   1.4505009e+01   1.1922802e+01
   1.2520876e+01   1.1303995e+01
   1.1857347e+01   1.1851172e+01
   1.1744890e+01   1.1098867e+01
   1.2629970e+01   1.1896056e+01
   1.2428038e+01   1.2407041e+01
   1.3390913e+01   1.3103821e+01
   1.2579718e+01   1.3623783e+01
   1.2640307e+01   1.2973943e+01
   1.1265685e+01   1.2329530e+01
   1.1687452e+01   1.3072589e+01
   1.2052726e+01   1.2982610e+01
   1.4137610e+01   1.3324285e+01
   1.0726674e+01   1.2717538e+01
   1.1459061e+01   1.1719644e+01
   1.2090705e+01   1.2534318e+01
   1.2244025e+01   1.2555988e+01
   1.2132678e+01   1.0958159e+01
   1.1132474e+01   1.2784584e+01
   1.4996735e+01   1.3001116e+01
   1.3531627e+01   1.2774521e+01
   1.0520556e+01   1.1626781e+01
   1.2385204e+01   1.4877548e+01
   1.4303862e+01   1.1002604e+01
   1.3014058e+01   1.2732347e+01
   1.2857994e+01   1.1833380e+01
   1.3039561e+01   1.2487041e+01
   1.2379821e+01   1.0353026e+01
   1.1534811e+01   1.3682240e+01
   1.3268177e+01   1.4255898e+01
   1.4835246e+01   1.2455212e+01
   1.1058413e+01   1.3177736e+01
   1.2803138e+01   1.2303132e+01
   1.3082622e+01   1.3586940e+01
   1.3504612e+01   1.3285935e+01
   1.2609073e+01   1.1793295e+01
   1.3194390e+01   1.2012207e+01
   1.4610454e+01   1.4462967e+01
   1.2642813e+01   1.3361458e+01
   1.1103559e+01   1.3353240e+01
   1.0775842e+01   1.2394022e+01
   1.1704864e+01   1.3919811e+01
   1.3150557e+01   1.4792566e+01
   1.3148033e+01   9.9516477e+00
   1.3283776e+01   1.3349031e+01
   1.2108267e+01   1.2378512e+01
   1.0871686e+01   1.2780648e+01
   1.3538540e+01   1.3132946e+01
   1.2716830e+01   1.2563987e+01
   1.2014160e+01   1.3872663e+01
   1.3415540e+01   1.1989036e+01
   1.3139097e+01   1.1174950e+01
   1.1932146e+01   1.2667233e+01
   1.3072182e+01   1.0461704e+01
   1.2768968e+01   1.0900643e+01
   1.2491938e+01   1.1110768e+01
   1.0358418e+01   1.1854508e+01
   1.1479070e+01   1.3401175e+01
   1.1900062e+01   1.1414215e+01
   1.3620902e+01   1.1572013e+01
   1.2598435e+01   1.3412603e+01
   1.2710344e+01   1.3500807e+01
   1.1751246e+01   1.1480587e+01
   1.1221894e+01   1.3533819e+01
   1.3093253e+01   1.3155457e+01
   1.3152843e+01   1.2570638e+01
   1.1828804e+01   1.1017792e+01
   1.1701829e+01   1.1167188e+01
   1.1723455e+01   1.1127066e+01
   1.2245145e+01   1.3341903e+01
   1.3458451e+01   1.1947829e+01
   1.2732949e+01   1.2974315e+01
   1.1128874e+01   1.1899375e+01
   1.2567920e+01   1.1801877e+01
   1.3578725e+01   1.1643279e+01
   1.2793593e+01   1.1370067e+01
   1.3061892e+01   1.3273288e+01
   1.3679628e+01   1.2211185e+01
   1.2111939e+01   1.3492933e+01
   1.2330162e+01   1.1876503e+01
   1.2319997e+01   1.2593412e+01
   1.2510271e+01   1.2422387e+01
   1.2377564e+01   1.1169810e+01
   1.2583330e+01   1.2124597e+01
   1.3681299e+01   1.1662650e+01
   1.1254283e+01   1.3263030e+01
   1.1717043e+01   1.2845647e+01
   1.1925980e+01   1.1629199e+01
   1.2118525e+01   1.2459630e+01
   1.1664959e+01   1.2918732e+01
   1.1059050e+01   1.1476862e+01
   1.2326323e+01   1.2732145e+01
   1.1988481e+01   1.2371146e+01
   1.2526779e+01   1.2507152e+01
   1.2052350e+01   1.2155889e+01
   1.2796590e+01   1.2129027e+01
   1.1633609e+01   1.0921235e+01
   1.1290427e+01   1.3624737e+01
   1.2489115e+01   1.1441014e+01
   1.3694953e+01   1.3207941e+01
   1.1526046e+01   1.0374859e+01
   1.2424408e+01   1.1651606e+01
   1.3300329e+01   1.0482600e+01
   1.2180628e+01   1.4196296e+01
   1.3367437e+01   1.3222287e+01
   1.2327146e+01   1.0925272e+01
   1.3903026e+01   1.1425352e+01
   1.0292070e+01   1.1786150e+01
   1.1158716e+01   1.3490156e+01
   1.2209112e+01   1.2407394e+01
   1.2987774e+01   1.3250619e+01
   1.3478056e+01   1.2912385e+01
   1.3536071e+01   1.2787032e+01
   1.3768209e+01   1.2641398e+01
   1.3854749e+01   1.2735867e+01
   1.3322956e+01   1.2490498e+01
   1.2824563e+01   1.2610112e+01
   1.1699663e+01   1.3352368e+01
   1.3221353e+01   1.3939863e+01
   1.3212353e+01   1.2944262e+01
   1.0845720e+01   1.1458821e+01
   1.2444937e+01   1.2051927e+01
   1.2844007e+01   1.2983628e+01
   1.2933430e+01   1.2920490e+01
   1.1423214e+01   1.3452414e+01
   1.2038409e+01   1.2404573e+01
   1.3079982e+01   1.2432645e+01
   1.2785265e+01   1.2728288e+01
   1.2234158e+01   1.3740171e+01
   1.2373892e+01   1.3470776e+01
   1.2502916e+01   1.3225845e+01
   1.0676548e+01   1.1879689e+01
   1.2856613e+01   1.1227971e+01
   1.3826154e+01   1.1635667e+01
   1.0443124e+01   1.2160751e+01
   1.2596952e+01   1.2795535e+01
   1.2492029e+01   1.2755093e+01
   1.3256432e+01   1.2351174e+01
   1.1929817e+01   1.3172997e+01
   1.2236291e+01   1.2112569e+01
   1.2910857e+01   1.1443093e+01
   1.2443094e+01   1.4256436e+01
   1.3609976e+01   1.1194604e+01
   1.3838354e+01   1.4546925e+01
   1.2102631e+01   1.2162309e+01
   1.2984610e+01   1.3033303e+01
   1.2002017e+01   1.1969731e+01
   1.3749935e+01   1.1128866e+01
   1.0670555e+01   1.2633173e+01
   1.1809725e+01   1.2673915e+01
   1.5544829e+01   1.2281832e+01
   1.3095729e+01   1.3162835e+01
   1.3314934e+01   1.2628960e+01
   1.3410932e+01   1.1418342e+01
   1.2236805e+01   1.2843210e+01
   1.2126662e+01   1.2361134e+01
   1.2753229e+01   1.2972506e+01
   1.2832229e+01   1.2228963e+01
   1.2386314e+01   1.2875782e+01
   1.0570561e+01   1.2063279e+01
   1.3459042e+01   1.2382025e+01
   1.1924837e+01   1.1246692e+01
   1.3452884e+01   1.3110051e+01
   1.2467296e+01   1.3831786e+01
   1.2483585e+01   1.2176057e+01
   1.1932293e+01   1.1898241e+01
   1.0908777e+01   1.1501216e+01
